6

0
0.000000
0.000000
0.000000
0.000000
0.000000
0.000000
0.000000
0.000000
1.000000
0.000000
0.000000
0.000000
1.000000
0.000000
0.000000
0.000000
0.000000
0.000000
0.000000
0.000000
0.000000
0.000000
0.000000
0.000000
0.000000
0.000000
0.000000

1
2.000000
0.000000
0.000000
0.000000
0.000000
0.000000
0.000000
20.325592
1.000000
26.154596
0.000000
0.000000
1.000000
-24.204510
0.000000
0.000000
0.000000
0.000000
0.000000
0.000000
0.000000
0.000000
0.000000
0.000000
0.000000
0.000000
0.000000

2
4.000000
0.000000
0.000000
0.000000
0.000000
0.000000
0.000000
20.325592
1.000000
26.154596
0.000000
0.000000
1.000000
-24.204510
0.000000
0.000000
21.492781
0.000000
0.000000
-21.087246
0.000000
0.000000
0.662588
0.000000
0.000000
0.000000
0.000000

3
5.500000
0.000000
0.000000
0.000000
0.000000
15.402834
0.000000
20.325592
1.000000
15.297062
0.000000
18.982883
1.000000
-24.204510
0.000000
31.394690
21.492781
0.000000
0.000000
-21.087246
0.000000
0.000000
0.662588
11.721983
12.638815
0.000000
0.000000

4
7.000000
0.000000
-0.350671
0.000000
0.000000
15.402834
-15.191320
20.325592
1.000000
15.297062
-12.691119
18.982883
1.000000
-24.204510
17.366985
31.394690
21.492781
0.000000
-20.392569
-21.087246
15.533304
0.000000
0.662588
11.721983
12.638815
0.000000
0.000000

5
8.500000
1.532370
-0.350671
0.870213
0.000000
15.402834
-15.191320
20.325592
1.000000
15.297062
-12.691119
18.982883
1.000000
-24.204510
17.366985
31.394690
21.492781
0.000000
-20.392569
-21.087246
15.533304
0.000000
0.662588
11.721983
12.638815
17.165323
12.562412

6
10.000000
1.532370
-0.350671
0.870213
38.662270
15.402834
-15.191320
20.325592
1.139698
15.297062
-12.691119
18.982883
0.870995
-24.204510
17.366985
31.394690
21.492781
0.000000
-20.392569
-21.087246
15.533304
22.776361
0.662588
11.721983
12.638815
17.165323
12.562412

